lama,[0.011695906432748537, 0.006289308176100629, 0.019230769230769232]
benar,[0.017543859649122806, 0.006289308176100629, 0.01282051282051282]
tidak,[0.023391812865497075, 0.012578616352201259, 0.01282051282051282]
ajar,[0.011695906432748537, 0.006289308176100629, 0.00641025641025641]
uji,[0.011695906432748537, 0.006289308176100629, 0.00641025641025641]
selalu,[0.011695906432748537, 0.006289308176100629, 0.00641025641025641]
tugas,[0.017543859649122806, 0.006289308176100629, 0.00641025641025641]
tinggal,[0.011695906432748537, 0.006289308176100629, 0.00641025641025641]
pindah,[0.011695906432748537, 0.006289308176100629, 0.00641025641025641]
dari,[0.011695906432748537, 0.006289308176100629, 0.00641025641025641]
internet,[0.011695906432748537, 0.006289308176100629, 0.00641025641025641]
hanya,[0.011695906432748537, 0.006289308176100629, 0.00641025641025641]
beri,[0.011695906432748537, 0.006289308176100629, 0.00641025641025641]
pernah,[0.011695906432748537, 0.006289308176100629, 0.00641025641025641]
jelas,[0.017543859649122806, 0.006289308176100629, 0.00641025641025641]
tambah,[0.011695906432748537, 0.006289308176100629, 0.00641025641025641]
semester,[0.011695906432748537, 0.006289308176100629, 0.00641025641025641]
apa,[0.011695906432748537, 0.006289308176100629, 0.00641025641025641]
rasa,[0.011695906432748537, 0.006289308176100629, 0.00641025641025641]
henti,[0.011695906432748537, 0.006289308176100629, 0.00641025641025641]
begini,[0.011695906432748537, 0.006289308176100629, 0.00641025641025641]
seperti,[0.011695906432748537, 0.012578616352201259, 0.00641025641025641]
bayar,[0.011695906432748537, 0.006289308176100629, 0.00641025641025641]
cuma,[0.017543859649122806, 0.012578616352201259, 0.00641025641025641]
kasih,[0.011695906432748537, 0.012578616352201259, 0.00641025641025641]
cara,[0.017543859649122806, 0.012578616352201259, 0.00641025641025641]
suruh,[0.011695906432748537, 0.006289308176100629, 0.00641025641025641]
baca,[0.011695906432748537, 0.006289308176100629, 0.00641025641025641]
tanpa,[0.011695906432748537, 0.006289308176100629, 0.00641025641025641]
asa,[0.011695906432748537, 0.006289308176100629, 0.00641025641025641]
otodidak,[0.011695906432748537, 0.006289308176100629, 0.00641025641025641]
maaf,[0.011695906432748537, 0.006289308176100629, 0.00641025641025641]
makin,[0.011695906432748537, 0.006289308176100629, 0.00641025641025641]
malas,[0.011695906432748537, 0.006289308176100629, 0.00641025641025641]
tidur,[0.011695906432748537, 0.006289308176100629, 0.00641025641025641]
baik,[0.011695906432748537, 0.006289308176100629, 0.00641025641025641]
darimananya,[0.011695906432748537, 0.006289308176100629, 0.00641025641025641]
coba,[0.011695906432748537, 0.006289308176100629, 0.00641025641025641]
sempurna,[0.011695906432748537, 0.006289308176100629, 0.00641025641025641]
bukan,[0.011695906432748537, 0.006289308176100629, 0.00641025641025641]
karena,[0.017543859649122806, 0.006289308176100629, 0.01282051282051282]
kita,[0.017543859649122806, 0.006289308176100629, 0.00641025641025641]
cerdas,[0.011695906432748537, 0.006289308176100629, 0.00641025641025641]
dosen,[0.011695906432748537, 0.006289308176100629, 0.00641025641025641]
kasihan,[0.011695906432748537, 0.006289308176100629, 0.00641025641025641]
paham,[0.011695906432748537, 0.012578616352201259, 0.00641025641025641]
kosong,[0.011695906432748537, 0.006289308176100629, 0.00641025641025641]
otak,[0.011695906432748537, 0.006289308176100629, 0.00641025641025641]
terima,[0.011695906432748537, 0.006289308176100629, 0.00641025641025641]
jujur,[0.005847953216374269, 0.012578616352201259, 0.00641025641025641]
oke,[0.005847953216374269, 0.018867924528301886, 0.00641025641025641]
itu,[0.005847953216374269, 0.012578616352201259, 0.00641025641025641]
kangen,[0.005847953216374269, 0.012578616352201259, 0.00641025641025641]
suasana,[0.005847953216374269, 0.012578616352201259, 0.00641025641025641]
sudah,[0.005847953216374269, 0.012578616352201259, 0.00641025641025641]
padu,[0.005847953216374269, 0.012578616352201259, 0.00641025641025641]
asik,[0.005847953216374269, 0.012578616352201259, 0.00641025641025641]
ribut,[0.005847953216374269, 0.012578616352201259, 0.00641025641025641]
masalah,[0.005847953216374269, 0.012578616352201259, 0.00641025641025641]
bagi,[0.005847953216374269, 0.012578616352201259, 0.00641025641025641]
salah,[0.005847953216374269, 0.018867924528301886, 0.00641025641025641]
juga,[0.005847953216374269, 0.012578616352201259, 0.019230769230769232]
diri,[0.005847953216374269, 0.012578616352201259, 0.00641025641025641]
atau,[0.005847953216374269, 0.012578616352201259, 0.00641025641025641]
semua,[0.005847953216374269, 0.012578616352201259, 0.00641025641025641]
gantung,[0.005847953216374269, 0.012578616352201259, 0.00641025641025641]
pribadi,[0.005847953216374269, 0.012578616352201259, 0.00641025641025641]
masing,[0.005847953216374269, 0.018867924528301886, 0.00641025641025641]
dalam,[0.005847953216374269, 0.012578616352201259, 0.00641025641025641]
pak,[0.005847953216374269, 0.018867924528301886, 0.00641025641025641]
gimana,[0.005847953216374269, 0.012578616352201259, 0.00641025641025641]
anak,[0.005847953216374269, 0.025157232704402517, 0.00641025641025641]
sekolah,[0.005847953216374269, 0.012578616352201259, 0.00641025641025641]
untuk,[0.005847953216374269, 0.012578616352201259, 0.00641025641025641]
mahasiswa,[0.005847953216374269, 0.018867924528301886, 0.01282051282051282]
laksana,[0.005847953216374269, 0.012578616352201259, 0.00641025641025641]
justru,[0.005847953216374269, 0.012578616352201259, 0.00641025641025641]
adaptasi,[0.005847953216374269, 0.012578616352201259, 0.00641025641025641]
banding,[0.005847953216374269, 0.012578616352201259, 0.00641025641025641]
sangat,[0.005847953216374269, 0.012578616352201259, 0.00641025641025641]
rentan,[0.005847953216374269, 0.012578616352201259, 0.00641025641025641]
kaji,[0.005847953216374269, 0.012578616352201259, 0.00641025641025641]
saya,[0.005847953216374269, 0.006289308176100629, 0.01282051282051282]
doa,[0.005847953216374269, 0.006289308176100629, 0.01282051282051282]
kampus,[0.005847953216374269, 0.006289308176100629, 0.01282051282051282]
padahal,[0.005847953216374269, 0.006289308176100629, 0.01282051282051282]
tempat,[0.005847953216374269, 0.006289308176100629, 0.01282051282051282]
merah,[0.005847953216374269, 0.006289308176100629, 0.01282051282051282]
dan,[0.005847953216374269, 0.006289308176100629, 0.01282051282051282]
kerabat,[0.005847953216374269, 0.006289308176100629, 0.01282051282051282]
kerja,[0.005847953216374269, 0.006289308176100629, 0.019230769230769232]
dokter,[0.005847953216374269, 0.006289308176100629, 0.01282051282051282]
suka,[0.005847953216374269, 0.006289308176100629, 0.01282051282051282]
bilang,[0.005847953216374269, 0.006289308176100629, 0.01282051282051282]
keras,[0.005847953216374269, 0.006289308176100629, 0.01282051282051282]
pasien,[0.005847953216374269, 0.006289308176100629, 0.01282051282051282]
nyaman,[0.005847953216374269, 0.006289308176100629, 0.01282051282051282]
rumah,[0.005847953216374269, 0.006289308176100629, 0.01282051282051282]
adalah,[0.005847953216374269, 0.006289308176100629, 0.01282051282051282]
jalan,[0.005847953216374269, 0.006289308176100629, 0.01282051282051282]
positif,[0.005847953216374269, 0.006289308176100629, 0.019230769230769232]
ambil,[0.005847953216374269, 0.006289308176100629, 0.01282051282051282]
buang,[0.005847953216374269, 0.006289308176100629, 0.01282051282051282]
negatif,[0.005847953216374269, 0.006289308176100629, 0.01282051282051282]
mungkin,[0.005847953216374269, 0.006289308176100629, 0.01282051282051282]
berani,[0.005847953216374269, 0.006289308176100629, 0.01282051282051282]
tanya,[0.005847953216374269, 0.006289308176100629, 0.019230769230769232]
di,[0.005847953216374269, 0.006289308176100629, 0.019230769230769232]
aktif,[0.005847953216374269, 0.006289308176100629, 0.01282051282051282]
sampai,[0.005847953216374269, 0.006289308176100629, 0.01282051282051282]
masa,[0.005847953216374269, 0.006289308176100629, 0.01282051282051282]
pandemi,[0.005847953216374269, 0.006289308176100629, 0.01282051282051282]
harus,[0.005847953216374269, 0.006289308176100629, 0.01282051282051282]